0.000000000000000000e+00
1.000000000000000021e-02
9.000099999999999909e+02
1.800009999999999991e+03
2.700010000000000218e+03
3.600010000000000218e+03
4.500010000000000218e+03
5.400010000000000218e+03
6.300010000000000218e+03
7.200010000000000218e+03
8.100010000000000218e+03
9.000010000000000218e+03
9.900010000000000218e+03
1.080001000000000022e+04
1.170001000000000022e+04
1.260001000000000022e+04
1.350001000000000022e+04
1.440001000000000022e+04
1.530001000000000022e+04
1.620001000000000022e+04
1.710001000000000204e+04
1.800001000000000204e+04
1.890001000000000204e+04
1.980001000000000204e+04
2.070001000000000204e+04
2.160001000000000204e+04
2.250001000000000204e+04
2.340001000000000204e+04
2.430001000000000204e+04
2.520001000000000204e+04
2.610001000000000204e+04
2.700001000000000204e+04
2.790001000000000204e+04
2.880001000000000204e+04
2.970001000000000204e+04
3.060001000000000204e+04
3.150001000000000204e+04
3.240001000000000204e+04
3.330001000000000204e+04
3.420001000000000204e+04
3.510001000000000204e+04
3.600001000000000204e+04
3.690001000000000204e+04
3.780001000000000204e+04
3.870001000000000204e+04
3.960001000000000204e+04
4.050001000000000204e+04
4.140001000000000204e+04
4.230001000000000204e+04
4.320001000000000204e+04
4.410001000000000204e+04
4.500001000000000204e+04
4.590001000000000204e+04
4.680001000000000204e+04
4.770001000000000204e+04
4.860001000000000204e+04
4.950001000000000204e+04
5.040001000000000204e+04
5.130001000000000204e+04
5.220001000000000204e+04
5.310001000000000204e+04
5.400001000000000204e+04
5.490001000000000204e+04
5.580001000000000204e+04
5.670001000000000204e+04
5.760001000000000204e+04
5.850001000000000204e+04
5.940001000000000204e+04
6.030001000000000204e+04
6.120001000000000204e+04
6.210001000000000204e+04
6.300001000000000204e+04
6.390001000000000204e+04
6.480001000000000204e+04
6.570001000000000931e+04
6.660001000000000931e+04
6.750001000000000931e+04
6.840001000000000931e+04
6.930001000000000931e+04
7.020001000000000931e+04
7.110001000000000931e+04
7.200001000000000931e+04
7.290001000000000931e+04
7.380001000000000931e+04
7.470001000000000931e+04
7.560001000000000931e+04
7.650001000000000931e+04
7.740001000000000931e+04
7.830001000000000931e+04
7.920001000000000931e+04
8.010001000000000931e+04
8.100001000000000931e+04
8.190001000000000931e+04
8.280001000000000931e+04
8.370001000000000931e+04
8.460001000000000931e+04
8.550001000000000931e+04
8.640001000000000931e+04
8.730001000000000931e+04
8.820001000000000931e+04
8.910001000000000931e+04
9.000001000000000931e+04
9.090001000000000931e+04
9.180001000000000931e+04
9.270001000000000931e+04
9.360001000000000931e+04
9.450001000000000931e+04
9.540001000000000931e+04
9.630001000000000931e+04
9.720001000000000931e+04
9.810001000000000931e+04
9.900001000000000931e+04
9.990001000000000931e+04
1.008000100000000093e+05
1.017000100000000093e+05
1.026000100000000093e+05
1.035000100000000093e+05
1.044000100000000093e+05
1.053000100000000093e+05
1.062000100000000093e+05
1.071000100000000093e+05
1.080000100000000093e+05
1.089000100000000093e+05
1.098000100000000093e+05
1.107000100000000093e+05
1.116000100000000093e+05
1.125000100000000093e+05
1.134000100000000093e+05
1.143000100000000093e+05
1.152000100000000093e+05
1.161000100000000093e+05
1.170000100000000093e+05
1.179000100000000093e+05
1.188000100000000093e+05
1.197000100000000093e+05
1.206000100000000093e+05
1.215000100000000093e+05
1.224000100000000093e+05
1.233000100000000093e+05
1.242000100000000093e+05
1.251000100000000093e+05
1.260000100000000093e+05
1.269000100000000093e+05
1.278000100000000093e+05
1.287000100000000093e+05
1.296000100000000093e+05
1.305000100000000093e+05
1.314000100000000093e+05
1.323000100000000093e+05
1.332000100000000093e+05
1.341000100000000093e+05
1.350000100000000093e+05
1.359000100000000093e+05
1.368000100000000093e+05
1.377000100000000093e+05
1.386000100000000093e+05
1.395000100000000093e+05
1.404000100000000093e+05
1.413000100000000093e+05
1.422000100000000093e+05
1.431000100000000093e+05
1.440000100000000093e+05
1.449000100000000093e+05
1.458000100000000093e+05
1.467000100000000093e+05
1.476000100000000093e+05
1.485000100000000093e+05
1.494000100000000093e+05
1.503000100000000093e+05
1.512000100000000093e+05
1.521000100000000093e+05
1.530000100000000093e+05
1.539000100000000093e+05
1.548000100000000093e+05
1.557000100000000093e+05
1.566000100000000093e+05
1.575000100000000093e+05
1.584000100000000093e+05
1.593000100000000093e+05
1.602000100000000093e+05
1.611000100000000093e+05
1.620000100000000093e+05
1.629000100000000093e+05
1.638000100000000093e+05
1.647000100000000093e+05
1.656000100000000093e+05
1.665000100000000093e+05
1.674000100000000093e+05
1.683000100000000093e+05
1.692000100000000093e+05
1.701000100000000093e+05
1.710000100000000093e+05
1.719000100000000093e+05
1.728000100000000093e+05
1.737000100000000093e+05
1.746000100000000093e+05
1.755000100000000093e+05
1.764000100000000093e+05
1.773000100000000093e+05
1.782000100000000093e+05
1.791000100000000093e+05
1.800000100000000093e+05
1.809000100000000093e+05
1.818000100000000093e+05
1.827000100000000093e+05
1.836000100000000093e+05
1.845000100000000093e+05
1.854000100000000093e+05
1.863000100000000093e+05
1.872000100000000093e+05
1.881000100000000093e+05
1.890000100000000093e+05
1.899000100000000093e+05
1.908000100000000093e+05
1.917000100000000093e+05
1.926000100000000093e+05
1.935000100000000093e+05
1.944000100000000093e+05
1.953000100000000093e+05
1.962000100000000093e+05
1.971000100000000093e+05
1.980000100000000093e+05
1.989000100000000093e+05
1.998000100000000093e+05
2.007000100000000093e+05
2.016000100000000093e+05
2.025000100000000093e+05
2.034000100000000093e+05
2.043000100000000093e+05
2.052000100000000093e+05
2.061000100000000093e+05
2.070000100000000093e+05
2.079000100000000093e+05
2.088000100000000093e+05
2.097000100000000093e+05
2.106000100000000093e+05
2.115000100000000093e+05
2.124000100000000093e+05
2.133000100000000093e+05
2.142000100000000093e+05
2.151000100000000093e+05
2.160000100000000093e+05
2.169000100000000093e+05
2.178000100000000093e+05
2.187000100000000093e+05
2.196000100000000093e+05
2.205000100000000093e+05
2.214000100000000093e+05
2.223000100000000093e+05
2.232000100000000093e+05
2.241000100000000093e+05
2.250000100000000093e+05
2.259000100000000093e+05
2.268000100000000093e+05
2.277000100000000093e+05
2.286000100000000093e+05
2.295000100000000093e+05
2.304000100000000093e+05
2.313000100000000093e+05
2.322000100000000093e+05
2.331000100000000093e+05
2.340000100000000093e+05
2.349000100000000093e+05
2.358000100000000093e+05
2.367000100000000093e+05
2.376000100000000093e+05
2.385000100000000093e+05
2.394000100000000093e+05
2.403000100000000093e+05
2.412000100000000093e+05
2.421000100000000093e+05
2.430000100000000093e+05
2.439000100000000093e+05
2.448000100000000093e+05
2.457000100000000093e+05
2.466000100000000093e+05
2.475000100000000093e+05
2.484000100000000093e+05
2.493000100000000093e+05
2.502000100000000093e+05
2.511000100000000093e+05
2.520000100000000093e+05
2.529000100000000093e+05
2.538000100000000093e+05
2.547000100000000093e+05
2.556000100000000093e+05
2.565000100000000093e+05
2.574000100000000093e+05
2.583000100000000093e+05
2.592000100000000093e+05
2.601000100000000093e+05
2.610000100000000093e+05
2.619000100000000093e+05
2.628000100000000093e+05
2.637000100000000093e+05
2.646000100000000093e+05
2.655000100000000093e+05
2.664000100000000093e+05
2.673000100000000093e+05
2.682000100000000093e+05
2.691000100000000093e+05
2.700000100000000093e+05
2.709000100000000093e+05
2.718000100000000093e+05
2.727000100000000093e+05
2.736000100000000093e+05
2.745000100000000093e+05
2.754000100000000093e+05
2.763000100000000093e+05
2.772000100000000093e+05
2.781000100000000093e+05
2.790000100000000093e+05
2.799000100000000093e+05
2.808000100000000093e+05
2.817000100000000093e+05
2.826000100000000093e+05
2.835000100000000093e+05
2.844000100000000093e+05
2.853000100000000093e+05
2.862000100000000093e+05
2.871000100000000093e+05
2.880000100000000093e+05
2.889000100000000093e+05
2.898000100000000093e+05
2.907000100000000093e+05
2.916000100000000093e+05
2.925000100000000093e+05
2.934000100000000093e+05
2.943000100000000093e+05
2.952000100000000093e+05
2.961000100000000093e+05
2.970000100000000093e+05
2.979000100000000093e+05
2.988000100000000093e+05
2.997000100000000093e+05
3.006000100000000093e+05
3.015000100000000093e+05
3.024000100000000093e+05
3.033000100000000093e+05
3.042000100000000093e+05
3.051000100000000093e+05
3.060000100000000093e+05
3.069000100000000093e+05
3.078000100000000093e+05
3.087000100000000093e+05
3.096000100000000093e+05
3.105000100000000093e+05
3.114000100000000093e+05
3.123000100000000093e+05
3.132000100000000093e+05
3.141000100000000093e+05
3.150000100000000093e+05
3.159000100000000093e+05
3.168000100000000093e+05
3.177000100000000093e+05
3.186000100000000093e+05
3.195000100000000093e+05
3.204000100000000093e+05
3.213000100000000093e+05
3.222000100000000093e+05
3.231000100000000093e+05
3.240000100000000093e+05
3.249000100000000093e+05
3.258000100000000093e+05
3.267000100000000093e+05
3.276000100000000093e+05
3.285000100000000093e+05
3.294000100000000093e+05
3.303000100000000093e+05
3.312000100000000093e+05
3.321000100000000093e+05
3.330000100000000093e+05
3.339000100000000093e+05
3.348000100000000093e+05
3.357000100000000093e+05
3.366000100000000093e+05
3.375000100000000093e+05
3.384000100000000093e+05
3.393000100000000093e+05
3.402000100000000093e+05
3.411000100000000093e+05
3.420000100000000093e+05
3.429000100000000093e+05
3.438000100000000093e+05
3.447000100000000093e+05
3.456000100000000093e+05
3.465000100000000093e+05
3.474000100000000093e+05
3.483000100000000093e+05
3.492000100000000093e+05
3.501000100000000093e+05
3.510000100000000093e+05
3.519000100000000093e+05
3.528000100000000093e+05
3.537000100000000093e+05
3.546000100000000093e+05
3.555000100000000093e+05
3.564000100000000093e+05
3.573000100000000093e+05
3.582000100000000093e+05
3.591000100000000093e+05
3.600000100000000093e+05
3.609000100000000093e+05
3.618000100000000093e+05
3.627000100000000093e+05
3.636000100000000093e+05
3.645000100000000093e+05
3.654000100000000093e+05
3.663000100000000093e+05
3.672000100000000093e+05
3.681000100000000093e+05
3.690000100000000093e+05
3.699000100000000093e+05
3.708000100000000093e+05
3.717000100000000093e+05
3.726000100000000093e+05
3.735000100000000093e+05
3.744000100000000093e+05
3.753000100000000093e+05
3.762000100000000093e+05
3.771000100000000093e+05
3.780000100000000093e+05
3.789000100000000093e+05
3.798000100000000093e+05
3.807000100000000093e+05
3.816000100000000093e+05
3.825000100000000093e+05
3.834000100000000093e+05
3.843000100000000093e+05
3.852000100000000093e+05
3.861000100000000093e+05
3.870000100000000093e+05
3.879000100000000093e+05
3.888000100000000093e+05
3.897000100000000093e+05
3.906000100000000093e+05
3.915000100000000093e+05
3.924000100000000093e+05
3.933000100000000093e+05
3.942000100000000093e+05
3.951000100000000093e+05
3.960000100000000093e+05
3.969000100000000093e+05
3.978000100000000093e+05
3.987000100000000093e+05
3.996000100000000093e+05
4.005000100000000093e+05
4.014000100000000093e+05
4.023000100000000093e+05
4.032000100000000093e+05
4.041000100000000093e+05
4.050000100000000093e+05
4.059000100000000093e+05
4.068000100000000093e+05
4.077000100000000093e+05
4.086000100000000093e+05
4.095000100000000093e+05
4.104000100000000093e+05
4.113000100000000093e+05
4.122000100000000093e+05
4.131000100000000093e+05
4.140000100000000093e+05
4.149000100000000093e+05
4.158000100000000093e+05
4.167000100000000093e+05
4.176000100000000093e+05
4.185000100000000093e+05
4.194000100000000093e+05
4.203000100000000093e+05
4.212000100000000093e+05
4.221000100000000093e+05
4.230000100000000093e+05
4.239000100000000093e+05
4.248000100000000093e+05
4.257000100000000093e+05
4.266000100000000093e+05
4.275000100000000093e+05
4.284000100000000093e+05
4.293000100000000093e+05
4.302000100000000093e+05
4.311000100000000093e+05
4.320000100000000093e+05
4.329000100000000093e+05
4.338000100000000093e+05
4.347000100000000093e+05
4.356000100000000093e+05
4.365000100000000093e+05
4.374000100000000093e+05
4.383000100000000093e+05
4.392000100000000093e+05
4.401000100000000093e+05
4.410000100000000093e+05
4.419000100000000093e+05
4.428000100000000093e+05
4.437000100000000093e+05
4.446000100000000093e+05
4.455000100000000093e+05
4.464000100000000093e+05
4.473000100000000093e+05
4.482000100000000093e+05
4.491000100000000093e+05
4.500000100000000093e+05
4.509000100000000093e+05
4.518000100000000093e+05
4.527000100000000093e+05
4.536000100000000093e+05
4.545000100000000093e+05
4.554000100000000093e+05
4.563000100000000093e+05
4.572000100000000093e+05
4.581000100000000093e+05
4.590000100000000093e+05
4.599000100000000093e+05
4.608000100000000093e+05
4.617000100000000093e+05
4.626000100000000093e+05
4.635000100000000093e+05
4.644000100000000093e+05
4.653000100000000093e+05
4.662000100000000093e+05
4.671000100000000093e+05
4.680000100000000093e+05
4.689000100000000093e+05
4.698000100000000093e+05
4.707000100000000093e+05
4.716000100000000093e+05
4.725000100000000093e+05
4.734000100000000093e+05
4.743000100000000093e+05
4.752000100000000093e+05
4.761000100000000093e+05
4.770000100000000093e+05
4.779000100000000093e+05
4.788000100000000093e+05
4.797000100000000093e+05
4.806000100000000093e+05
4.815000100000000093e+05
4.824000100000000093e+05
4.833000100000000093e+05
4.842000100000000093e+05
4.851000100000000093e+05
4.860000100000000093e+05
4.869000100000000093e+05
4.878000100000000093e+05
4.887000100000000093e+05
4.896000100000000093e+05
4.905000100000000093e+05
4.914000100000000093e+05
4.923000100000000093e+05
4.932000100000000093e+05
4.941000100000000093e+05
4.950000100000000093e+05
4.959000100000000093e+05
4.968000100000000093e+05
4.977000100000000093e+05
4.986000100000000093e+05
4.995000100000000093e+05
5.004000100000000093e+05
5.013000100000000093e+05
5.022000100000000093e+05
5.031000100000000093e+05
5.040000100000000093e+05
5.049000100000000093e+05
5.058000100000000093e+05
5.067000100000000093e+05
5.076000100000000093e+05
5.085000100000000093e+05
5.094000100000000093e+05
5.103000100000000093e+05
5.112000100000000093e+05
5.121000100000000093e+05
5.130000100000000093e+05
5.139000100000000093e+05
5.148000100000000093e+05
5.157000100000000093e+05
5.166000100000000093e+05
5.175000100000000093e+05
5.184000100000000093e+05
5.193000100000000093e+05
5.202000100000000093e+05
5.211000100000000093e+05
5.220000100000000093e+05
5.229000100000000093e+05
5.238000100000000093e+05
5.247000100000000093e+05
5.256000100000000093e+05
5.265000100000000093e+05
5.274000100000000093e+05
5.283000100000000093e+05
5.292000100000000093e+05
5.301000100000000093e+05
5.310000100000000093e+05
5.319000100000000093e+05
5.328000100000000093e+05
5.337000100000000093e+05
5.346000100000000093e+05
5.355000100000000093e+05
5.364000100000000093e+05
5.373000100000000093e+05
5.382000100000000093e+05
5.391000100000000093e+05
5.400000100000000093e+05
5.409000100000000093e+05
5.418000100000000093e+05
5.427000100000000093e+05
5.436000100000000093e+05
5.445000100000000093e+05
5.454000100000000093e+05
5.463000100000000093e+05
5.472000100000000093e+05
5.481000100000000093e+05
5.490000100000000093e+05
5.499000100000000093e+05
5.508000100000000093e+05
5.517000100000000093e+05
5.526000100000000093e+05
5.535000100000000093e+05
5.544000100000000093e+05
5.553000100000000093e+05
5.562000100000000093e+05
5.571000100000000093e+05
5.580000100000000093e+05
5.589000100000000093e+05
5.598000100000000093e+05
5.607000100000000093e+05
5.616000100000000093e+05
5.625000100000000093e+05
5.634000100000000093e+05
5.643000100000000093e+05
5.652000100000000093e+05
5.661000100000000093e+05
5.670000100000000093e+05
5.679000100000000093e+05
5.688000100000000093e+05
5.697000100000000093e+05
5.706000100000000093e+05
5.715000100000000093e+05
5.724000100000000093e+05
5.733000100000000093e+05
5.742000100000000093e+05
5.751000100000000093e+05
5.760000100000000093e+05
5.769000100000000093e+05
5.778000100000000093e+05
5.787000100000000093e+05
5.796000100000000093e+05
5.805000100000000093e+05
5.814000100000000093e+05
5.823000100000000093e+05
5.832000100000000093e+05
5.841000100000000093e+05
5.850000100000000093e+05
5.859000100000000093e+05
5.868000100000000093e+05
5.877000100000000093e+05
5.886000100000000093e+05
5.895000100000000093e+05
5.904000100000000093e+05
5.913000100000000093e+05
5.922000100000000093e+05
5.931000100000000093e+05
5.940000100000000093e+05
5.949000100000000093e+05
5.958000100000000093e+05
5.967000100000000093e+05
5.976000100000000093e+05
5.985000100000000093e+05
5.994000100000000093e+05
6.003000100000000093e+05
6.012000100000000093e+05
6.021000100000000093e+05
6.030000100000000093e+05
6.039000100000000093e+05
6.048000100000000093e+05
6.057000100000000093e+05
6.066000100000000093e+05
6.075000100000000093e+05
6.084000100000000093e+05
6.093000100000000093e+05
6.102000100000000093e+05
6.111000100000000093e+05
6.120000100000000093e+05
6.129000100000000093e+05
6.138000100000000093e+05
6.147000100000000093e+05
6.156000100000000093e+05
6.165000100000000093e+05
6.174000100000000093e+05
6.183000100000000093e+05
6.192000100000000093e+05
6.201000100000000093e+05
6.210000100000000093e+05
6.219000100000000093e+05
6.228000100000000093e+05
6.237000100000000093e+05
6.246000100000000093e+05
6.255000100000000093e+05
6.264000100000000093e+05
6.273000100000000093e+05
6.282000100000000093e+05
6.291000100000000093e+05
6.300000100000000093e+05
6.309000100000000093e+05
6.318000100000000093e+05
6.327000100000000093e+05
6.336000100000000093e+05
6.345000100000000093e+05
6.354000100000000093e+05
6.363000100000000093e+05
6.372000100000000093e+05
6.381000100000000093e+05
6.390000100000000093e+05
6.399000100000000093e+05
6.408000100000000093e+05
6.417000100000000093e+05
6.426000100000000093e+05
6.435000100000000093e+05
6.444000100000000093e+05
6.453000100000000093e+05
6.462000100000000093e+05
6.471000100000000093e+05
6.480000100000000093e+05
6.489000100000000093e+05
6.498000100000000093e+05
6.507000100000000093e+05
6.516000100000000093e+05
6.525000100000000093e+05
6.534000100000000093e+05
6.543000100000000093e+05
6.552000100000000093e+05
6.561000100000000093e+05
6.570000100000000093e+05
6.579000100000000093e+05
6.588000100000000093e+05
6.597000100000000093e+05
6.606000100000000093e+05
6.615000100000000093e+05
6.624000100000000093e+05
6.633000100000000093e+05
6.642000100000000093e+05
6.651000100000000093e+05
6.660000100000000093e+05
6.669000100000000093e+05
6.678000100000000093e+05
6.687000100000000093e+05
6.696000100000000093e+05
6.705000100000000093e+05
6.714000100000000093e+05
6.723000100000000093e+05
6.732000100000000093e+05
6.741000100000000093e+05
6.750000100000000093e+05
6.759000100000000093e+05
6.768000100000000093e+05
6.777000100000000093e+05
6.786000100000000093e+05
6.795000100000000093e+05
6.804000100000000093e+05
6.813000100000000093e+05
6.822000100000000093e+05
6.831000100000000093e+05
6.840000100000000093e+05
6.849000100000000093e+05
6.858000100000000093e+05
6.867000100000000093e+05
6.876000100000000093e+05
6.885000100000000093e+05
6.894000100000000093e+05
6.903000100000000093e+05
6.912000100000000093e+05
6.921000100000000093e+05
6.930000100000000093e+05
6.939000100000000093e+05
6.948000100000000093e+05
6.957000100000000093e+05
6.966000100000000093e+05
6.975000100000000093e+05
6.984000100000000093e+05
6.993000100000000093e+05
7.002000100000000093e+05
7.011000100000000093e+05
7.020000100000000093e+05
7.029000100000000093e+05
7.038000100000000093e+05
7.047000100000000093e+05
7.056000100000000093e+05
7.065000100000000093e+05
7.074000100000000093e+05
7.083000100000000093e+05
7.092000100000000093e+05
7.101000100000000093e+05
7.110000100000000093e+05
7.119000100000000093e+05
7.128000100000000093e+05
7.137000100000000093e+05
7.146000100000000093e+05
7.155000100000000093e+05
7.164000100000000093e+05
7.173000100000000093e+05
7.182000100000000093e+05
7.191000100000000093e+05
7.200000100000000093e+05
7.209000100000000093e+05
7.218000100000000093e+05
7.227000100000000093e+05
7.236000100000000093e+05
7.245000100000000093e+05
7.254000100000000093e+05
7.263000100000000093e+05
7.272000100000000093e+05
7.281000100000000093e+05
7.290000100000000093e+05
7.299000100000000093e+05
7.308000100000000093e+05
7.317000100000000093e+05
7.326000100000000093e+05
7.335000100000000093e+05
7.344000100000000093e+05
7.353000100000000093e+05
7.362000100000000093e+05
7.371000100000000093e+05
7.380000100000000093e+05
7.389000100000000093e+05
7.398000100000000093e+05
7.407000100000000093e+05
7.416000100000000093e+05
7.425000100000000093e+05
7.434000100000000093e+05
7.443000100000000093e+05
7.452000100000000093e+05
7.461000100000000093e+05
7.470000100000000093e+05
7.479000100000000093e+05
7.488000100000000093e+05
7.497000100000000093e+05
7.506000100000000093e+05
7.515000100000000093e+05
7.524000100000000093e+05
7.533000100000000093e+05
7.542000100000000093e+05
7.551000100000000093e+05
7.560000100000000093e+05
7.569000100000000093e+05
7.578000100000000093e+05
7.587000100000000093e+05
7.596000100000000093e+05
7.605000100000000093e+05
7.614000100000000093e+05
7.623000100000000093e+05
7.632000100000000093e+05
7.641000100000000093e+05
7.650000100000000093e+05
7.659000100000000093e+05
7.668000100000000093e+05
7.677000100000000093e+05
7.686000100000000093e+05
7.695000100000000093e+05
7.704000100000000093e+05
7.713000100000000093e+05
7.722000100000000093e+05
7.731000100000000093e+05
7.740000100000000093e+05
7.749000100000000093e+05
7.758000100000000093e+05
7.767000100000000093e+05
7.776000100000000093e+05
7.785000100000000093e+05
7.794000100000000093e+05
7.803000100000000093e+05
7.812000100000000093e+05
7.821000100000000093e+05
7.830000100000000093e+05
7.839000100000000093e+05
7.848000100000000093e+05
7.857000100000000093e+05
7.866000100000000093e+05
7.875000100000000093e+05
7.884000100000000093e+05
7.893000100000000093e+05
7.902000100000000093e+05
7.911000100000000093e+05
7.920000100000000093e+05
7.929000100000000093e+05
7.938000100000000093e+05
7.947000100000000093e+05
7.956000100000000093e+05
7.965000100000000093e+05
7.974000100000000093e+05
7.983000100000000093e+05
7.992000100000000093e+05
8.001000100000000093e+05
8.010000100000000093e+05
8.019000100000000093e+05
8.028000100000000093e+05
8.037000100000000093e+05
8.046000100000000093e+05
8.055000100000000093e+05
8.064000100000000093e+05
8.073000100000000093e+05
8.082000100000000093e+05
8.091000100000000093e+05
8.100000100000000093e+05
8.109000100000000093e+05
8.118000100000000093e+05
8.127000100000000093e+05
8.136000100000000093e+05
8.145000100000000093e+05
8.154000100000000093e+05
8.163000100000000093e+05
8.172000100000000093e+05
8.181000100000000093e+05
8.190000100000000093e+05
8.199000100000000093e+05
8.208000100000000093e+05
8.217000100000000093e+05
8.226000100000000093e+05
8.235000100000000093e+05
8.244000100000000093e+05
8.253000100000000093e+05
8.262000100000000093e+05
8.271000100000000093e+05
8.280000100000000093e+05
8.289000100000000093e+05
8.298000100000000093e+05
8.307000100000000093e+05
8.316000100000000093e+05
8.325000100000000093e+05
8.334000100000000093e+05
8.343000100000000093e+05
8.352000100000000093e+05
8.361000100000000093e+05
8.370000100000000093e+05
8.379000100000000093e+05
8.388000100000000093e+05
8.397000100000000093e+05
8.406000100000000093e+05
8.415000100000000093e+05
8.424000100000000093e+05
8.433000100000000093e+05
8.442000100000000093e+05
8.451000100000000093e+05
8.460000100000000093e+05
8.469000100000000093e+05
8.478000100000000093e+05
8.487000100000000093e+05
8.496000100000000093e+05
8.505000100000000093e+05
8.514000100000000093e+05
8.523000100000000093e+05
8.532000100000000093e+05
8.541000100000000093e+05
8.550000100000000093e+05
8.559000100000000093e+05
8.568000100000000093e+05
8.577000100000000093e+05
8.586000100000000093e+05
8.595000100000000093e+05
8.604000100000000093e+05
8.613000100000000093e+05
8.622000100000000093e+05
8.631000100000000093e+05
8.640000100000000093e+05
8.649000100000000093e+05
8.658000100000000093e+05
8.667000100000000093e+05
8.676000100000000093e+05
8.685000100000000093e+05
8.694000100000000093e+05
8.703000100000000093e+05
8.712000100000000093e+05
8.721000100000000093e+05
8.730000100000000093e+05
8.739000100000000093e+05
8.748000100000000093e+05
8.757000100000000093e+05
8.766000100000000093e+05
8.775000100000000093e+05
8.784000100000000093e+05
8.793000100000000093e+05
8.802000100000000093e+05
8.811000100000000093e+05
8.820000100000000093e+05
8.829000100000000093e+05
8.838000100000000093e+05
8.847000100000000093e+05
8.856000100000000093e+05
8.865000100000000093e+05
8.874000100000000093e+05
8.883000100000000093e+05
8.892000100000000093e+05
8.901000100000000093e+05
8.910000100000000093e+05
8.919000100000000093e+05
8.928000100000000093e+05
8.937000100000000093e+05
8.946000100000000093e+05
8.955000100000000093e+05
8.964000100000000093e+05
8.973000100000000093e+05
8.982000100000000093e+05
8.991000100000000093e+05
9.000000100000000093e+05
9.009000100000000093e+05
9.018000100000000093e+05
9.027000100000000093e+05
9.036000100000000093e+05
9.045000100000000093e+05
9.054000100000000093e+05
9.063000100000000093e+05
9.072000100000000093e+05
9.081000100000000093e+05
9.090000100000000093e+05
9.099000100000000093e+05
9.108000100000000093e+05
9.117000100000000093e+05
9.126000100000000093e+05
9.135000100000000093e+05
9.144000100000000093e+05
9.153000100000000093e+05
9.162000100000000093e+05
9.171000100000000093e+05
9.180000100000000093e+05
9.189000100000000093e+05
9.198000100000000093e+05
9.207000100000000093e+05
9.216000100000000093e+05
9.225000100000000093e+05
9.234000100000000093e+05
9.243000100000000093e+05
9.252000100000000093e+05
9.261000100000000093e+05
9.270000100000000093e+05
9.279000100000000093e+05
9.288000100000000093e+05
9.297000100000000093e+05
9.306000100000000093e+05
9.315000100000000093e+05
9.324000100000000093e+05
9.333000100000000093e+05
9.342000100000000093e+05
9.351000100000000093e+05
9.360000100000000093e+05
9.369000100000000093e+05
9.378000100000000093e+05
9.387000100000000093e+05
9.396000100000000093e+05
9.405000100000000093e+05
9.414000100000000093e+05
9.423000100000000093e+05
9.432000100000000093e+05
9.441000100000000093e+05
9.450000100000000093e+05
9.459000100000000093e+05
9.468000100000000093e+05
9.477000100000000093e+05
9.486000100000000093e+05
9.495000100000000093e+05
9.504000100000000093e+05
9.513000100000000093e+05
9.522000100000000093e+05
9.531000100000000093e+05
9.540000100000000093e+05
9.549000100000000093e+05
9.558000100000000093e+05
9.567000100000000093e+05
9.576000100000000093e+05
9.585000100000000093e+05
9.594000100000000093e+05
9.603000100000000093e+05
9.612000100000000093e+05
9.621000100000000093e+05
9.630000100000000093e+05
9.639000100000000093e+05
9.648000100000000093e+05
9.657000100000000093e+05
9.666000100000000093e+05
9.675000100000000093e+05
9.684000100000000093e+05
9.693000100000000093e+05
9.702000100000000093e+05
9.711000100000000093e+05
9.720000100000000093e+05
9.729000100000000093e+05
9.738000100000000093e+05
9.747000100000000093e+05
9.756000100000000093e+05
9.765000100000000093e+05
9.774000100000000093e+05
9.783000100000000093e+05
9.792000100000000093e+05
9.801000100000000093e+05
9.810000100000000093e+05
9.819000100000000093e+05
9.828000100000000093e+05
9.837000100000000093e+05
9.846000100000000093e+05
9.855000100000000093e+05
9.864000100000000093e+05
9.873000100000000093e+05
9.882000100000000093e+05
9.891000100000000093e+05
9.900000100000000093e+05
9.909000100000000093e+05
9.918000100000000093e+05
9.927000100000000093e+05
9.936000100000000093e+05
9.945000100000000093e+05
9.954000100000000093e+05
9.963000100000000093e+05
9.972000100000000093e+05
9.981000100000000093e+05
9.990000100000000093e+05
9.999000100000000093e+05
1.000800010000000009e+06
1.001700010000000009e+06
1.002600010000000009e+06
1.003500010000000009e+06
1.004400010000000009e+06
1.005300010000000009e+06
1.006200010000000009e+06
1.007100010000000009e+06
1.008000010000000009e+06
1.008900010000000009e+06
1.009800010000000009e+06
1.010700010000000009e+06
1.011600010000000009e+06
1.012500010000000009e+06
1.013400010000000009e+06
1.014300010000000009e+06
1.015200010000000009e+06
1.016100010000000009e+06
1.017000010000000009e+06
1.017900010000000009e+06
1.018800010000000009e+06
1.019700010000000009e+06
1.020600010000000009e+06
1.021500010000000009e+06
1.022400010000000009e+06
1.023300010000000009e+06
1.024200010000000009e+06
1.025100010000000009e+06
1.026000010000000009e+06
1.026900010000000009e+06
1.027800010000000009e+06
1.028700010000000009e+06
1.029600010000000009e+06
1.030500010000000009e+06
1.031400010000000009e+06
1.032300010000000009e+06
1.033200010000000009e+06
1.034100010000000009e+06
1.035000010000000009e+06
1.035900010000000009e+06
1.036800010000000009e+06
1.037700010000000009e+06
1.038600010000000009e+06
1.039500010000000009e+06
1.040400010000000009e+06
1.041300010000000009e+06
1.042200010000000009e+06
1.043100010000000009e+06
1.044000010000000009e+06
1.044900010000000009e+06
1.045800010000000009e+06
1.046700010000000009e+06
1.047600010000000009e+06
1.048500010000000009e+06
1.049400010000000009e+06
1.050300010000000009e+06
1.051200010000000009e+06
1.052100010000000009e+06
1.053000010000000009e+06
1.053900010000000009e+06
1.054800010000000009e+06
1.055700010000000009e+06
1.056600010000000009e+06
1.057500010000000009e+06
1.058400010000000009e+06
1.059300010000000009e+06
1.060200010000000009e+06
1.061100010000000009e+06
1.062000010000000009e+06
1.062900010000000009e+06
1.063800010000000009e+06
1.064700010000000009e+06
1.065600010000000009e+06
1.066500010000000009e+06
1.067400010000000009e+06
1.068300010000000009e+06
1.069200010000000009e+06
1.070100010000000009e+06
1.071000010000000009e+06
1.071900010000000009e+06
1.072800010000000009e+06
1.073700010000000009e+06
1.074600010000000009e+06
1.075500010000000009e+06
1.076400010000000009e+06
1.077300010000000009e+06
1.078200010000000009e+06
1.079100010000000009e+06
1.080000010000000009e+06
1.080900010000000009e+06
1.081800010000000009e+06
1.082700010000000009e+06
1.083600010000000009e+06
1.084500010000000009e+06
1.085400010000000009e+06
1.086300010000000009e+06
1.087200010000000009e+06
1.088100010000000009e+06
1.089000010000000009e+06
1.089900010000000009e+06
1.090800010000000009e+06
1.091700010000000009e+06
1.092600010000000009e+06
1.093500010000000009e+06
1.094400010000000009e+06
1.095300010000000009e+06
1.096200010000000009e+06
1.097100010000000009e+06
1.098000010000000009e+06
1.098900010000000009e+06
1.099800010000000009e+06
1.100700010000000009e+06
1.101600010000000009e+06
1.102500010000000009e+06
1.103400010000000009e+06
1.104300010000000009e+06
1.105200010000000009e+06
1.106100010000000009e+06
1.107000010000000009e+06
1.107900010000000009e+06
1.108800010000000009e+06
1.109700010000000009e+06
1.110600010000000009e+06
1.111500010000000009e+06
1.112400010000000009e+06
1.113300010000000009e+06
1.114200010000000009e+06
1.115100010000000009e+06
1.116000010000000009e+06
1.116900010000000009e+06
1.117800010000000009e+06
1.118700010000000009e+06
1.119600010000000009e+06
1.120500010000000009e+06
1.121400010000000009e+06
1.122300010000000009e+06
1.123200010000000009e+06
1.124100010000000009e+06
1.125000010000000009e+06
1.125900010000000009e+06
1.126800010000000009e+06
1.127700010000000009e+06
1.128600010000000009e+06
1.129500010000000009e+06
1.130400010000000009e+06
1.131300010000000009e+06
1.132200010000000009e+06
1.133100010000000009e+06
1.134000010000000009e+06
1.134900010000000009e+06
1.135800010000000009e+06
1.136700010000000009e+06
1.137600010000000009e+06
1.138500010000000009e+06
1.139400010000000009e+06
1.140300010000000009e+06
1.141200010000000009e+06
1.142100010000000009e+06
1.143000010000000009e+06
1.143900010000000009e+06
1.144800010000000009e+06
1.145700010000000009e+06
1.146600010000000009e+06
1.147500010000000009e+06
1.148400010000000009e+06
1.149300010000000009e+06
1.150200010000000009e+06
1.151100010000000009e+06
1.152000010000000009e+06
1.152900010000000009e+06
1.153800010000000009e+06
1.154700010000000009e+06
1.155600010000000009e+06
1.156500010000000009e+06
1.157400010000000009e+06
1.158300010000000009e+06
1.159200010000000009e+06
1.160100010000000009e+06
1.161000010000000009e+06
1.161900010000000009e+06
1.162800010000000009e+06
1.163700010000000009e+06
1.164600010000000009e+06
1.165500010000000009e+06
1.166400010000000009e+06
1.167300010000000009e+06
1.168200010000000009e+06
1.169100010000000009e+06
1.170000010000000009e+06
1.170900010000000009e+06
1.171800010000000009e+06
1.172700010000000009e+06
1.173600010000000009e+06
1.174500010000000009e+06
1.175400010000000009e+06
1.176300010000000009e+06
1.177200010000000009e+06
1.178100010000000009e+06
1.179000010000000009e+06
1.179900010000000009e+06
1.180800010000000009e+06
1.181700010000000009e+06
1.182600010000000009e+06
1.183500010000000009e+06
1.184400010000000009e+06
1.185300010000000009e+06
1.186200010000000009e+06
1.187100010000000009e+06
1.188000010000000009e+06
1.188900010000000009e+06
1.189800010000000009e+06
1.190700010000000009e+06
1.191600010000000009e+06
1.192500010000000009e+06
1.193400010000000009e+06
1.194300010000000009e+06
1.195200010000000009e+06
1.196100010000000009e+06
1.197000010000000009e+06
1.197900010000000009e+06
1.198800010000000009e+06
1.199700010000000009e+06
1.200600010000000009e+06
1.201500010000000009e+06
1.202400010000000009e+06
1.203300010000000009e+06
1.204200010000000009e+06
1.205100010000000009e+06
1.206000010000000009e+06
1.206900010000000009e+06
1.207800010000000009e+06
1.208700010000000009e+06
1.209600010000000009e+06
1.210500010000000009e+06
1.211400010000000009e+06
1.212300010000000009e+06
1.213200010000000009e+06
1.214100010000000009e+06
1.215000010000000009e+06
1.215900010000000009e+06
1.216800010000000009e+06
1.217700010000000009e+06
1.218600010000000009e+06
1.219500010000000009e+06
1.220400010000000009e+06
1.221300010000000009e+06
1.222200010000000009e+06
1.223100010000000009e+06
1.224000010000000009e+06
1.224900010000000009e+06
1.225800010000000009e+06
1.226700010000000009e+06
1.227600010000000009e+06
1.228500010000000009e+06
1.229400010000000009e+06
1.230300010000000009e+06
1.231200010000000009e+06
1.232100010000000009e+06
1.233000010000000009e+06
1.233900010000000009e+06
1.234800010000000009e+06
1.235700010000000009e+06
1.236600010000000009e+06
1.237500010000000009e+06
1.238400010000000009e+06
1.239300010000000009e+06
1.240200010000000009e+06
1.241100010000000009e+06
1.242000010000000009e+06
1.242900010000000009e+06
1.243800010000000009e+06
1.244700010000000009e+06
1.245600010000000009e+06
1.246500010000000009e+06
1.247400010000000009e+06
1.248300010000000009e+06
1.249200010000000009e+06
1.250100010000000009e+06
1.251000010000000009e+06
1.251900010000000009e+06
1.252800010000000009e+06
1.253700010000000009e+06
1.254600010000000009e+06
1.255500010000000009e+06
1.256400010000000009e+06
1.257300010000000009e+06
1.258200010000000009e+06
1.259100010000000009e+06
1.260000010000000009e+06
1.260900010000000009e+06
1.261800010000000009e+06
1.262700010000000009e+06
1.263600010000000009e+06
1.264500010000000009e+06
1.265400010000000009e+06
1.266300010000000009e+06
1.267200010000000009e+06
1.268100010000000009e+06
1.269000010000000009e+06
1.269900010000000009e+06
1.270800010000000009e+06
1.271700010000000009e+06
1.272600010000000009e+06
1.273500010000000009e+06
1.274400010000000009e+06
1.275300010000000009e+06
1.276200010000000009e+06
1.277100010000000009e+06
1.278000010000000009e+06
1.278900010000000009e+06
1.279800010000000009e+06
1.280700010000000009e+06
1.281600010000000009e+06
1.282500010000000009e+06
1.283400010000000009e+06
1.284300010000000009e+06
1.285200010000000009e+06
1.286100010000000009e+06
1.287000010000000009e+06
1.287900010000000009e+06
1.288800010000000009e+06
1.289700010000000009e+06
1.290600010000000009e+06
1.291500010000000009e+06
1.292400010000000009e+06
1.293300010000000009e+06
1.294200010000000009e+06
1.295100010000000009e+06
1.296000010000000009e+06
1.296900010000000009e+06
1.297800010000000009e+06
1.298700010000000009e+06
1.299600010000000009e+06
1.300500010000000009e+06
1.301400010000000009e+06
1.302300010000000009e+06
1.303200010000000009e+06
1.304100010000000009e+06
1.305000010000000009e+06
1.305900010000000009e+06
1.306800010000000009e+06
1.307700010000000009e+06
1.308600010000000009e+06
1.309500010000000009e+06
1.310400010000000009e+06
1.311300010000000009e+06
1.312200010000000009e+06
1.313100010000000009e+06
1.314000010000000009e+06
1.314900010000000009e+06
1.315800010000000009e+06
1.316700010000000009e+06
1.317600010000000009e+06
1.318500010000000009e+06
1.319400010000000009e+06
1.320300010000000009e+06
1.321200010000000009e+06
1.322100010000000009e+06
1.323000010000000009e+06
1.323900010000000009e+06
1.324800010000000009e+06
1.325700010000000009e+06
1.326600010000000009e+06
1.327500010000000009e+06
1.328400010000000009e+06
1.329300010000000009e+06
1.330200010000000009e+06
1.331100010000000009e+06
1.332000010000000009e+06
1.332900010000000009e+06
1.333800010000000009e+06
1.334700010000000009e+06
1.335600010000000009e+06
1.336500010000000009e+06
1.337400010000000009e+06
1.338300010000000009e+06
1.339200010000000009e+06
1.340100010000000009e+06
1.341000010000000009e+06
1.341900010000000009e+06
1.342800010000000009e+06
1.343700010000000009e+06
1.344600010000000009e+06
1.345500010000000009e+06
1.346400010000000009e+06
1.347300010000000009e+06
1.348200010000000009e+06
1.349100010000000009e+06
1.350000010000000009e+06
1.350900010000000009e+06
1.351800010000000009e+06
1.352700010000000009e+06
1.353600010000000009e+06
1.354500010000000009e+06
1.355400010000000009e+06
1.356300010000000009e+06
1.357200010000000009e+06
1.358100010000000009e+06
1.359000010000000009e+06
1.359900010000000009e+06
1.360800010000000009e+06
1.361700010000000009e+06
1.362600010000000009e+06
1.363500010000000009e+06
1.364400010000000009e+06
1.365300010000000009e+06
1.366200010000000009e+06
1.367100010000000009e+06
1.368000010000000009e+06
1.368900010000000009e+06
1.369800010000000009e+06
1.370700010000000009e+06
1.371600010000000009e+06
1.372500010000000009e+06
1.373400010000000009e+06
1.374300010000000009e+06
1.375200010000000009e+06
1.376100010000000009e+06
1.377000010000000009e+06
1.377900010000000009e+06
1.378800010000000009e+06
1.379700010000000009e+06
1.380600010000000009e+06
1.381500010000000009e+06
1.382400010000000009e+06
1.383300010000000009e+06
1.384200010000000009e+06
1.385100010000000009e+06
1.386000010000000009e+06
1.386900010000000009e+06
1.387800010000000009e+06
1.388700010000000009e+06
1.389600010000000009e+06
1.390500010000000009e+06
1.391400010000000009e+06
1.392300010000000009e+06
1.393200010000000009e+06
1.394100010000000009e+06
1.395000010000000009e+06
1.395900010000000009e+06
1.396800010000000009e+06
1.397700010000000009e+06
1.398600010000000009e+06
1.399500010000000009e+06
1.400400010000000009e+06
1.401300010000000009e+06
1.402200010000000009e+06
1.403100010000000009e+06
1.404000010000000009e+06
1.404900010000000009e+06
1.405800010000000009e+06
1.406700010000000009e+06
1.407600010000000009e+06
1.408500010000000009e+06
1.409400010000000009e+06
1.410300010000000009e+06
1.411200010000000009e+06
1.412100010000000009e+06
1.413000010000000009e+06
1.413900010000000009e+06
1.414800010000000009e+06
1.415700010000000009e+06
1.416600010000000009e+06
1.417500010000000009e+06
1.418400010000000009e+06
1.419300010000000009e+06
1.420200010000000009e+06
1.421100010000000009e+06
1.422000010000000009e+06
1.422900010000000009e+06
1.423800010000000009e+06
1.424700010000000009e+06
1.425600010000000009e+06
1.426500010000000009e+06
1.427400010000000009e+06
1.428300010000000009e+06
1.429200010000000009e+06
1.430100010000000009e+06
1.431000010000000009e+06
1.431900010000000009e+06
1.432800010000000009e+06
1.433700010000000009e+06
1.434600010000000009e+06
1.435500010000000009e+06
1.436400010000000009e+06
1.437300010000000009e+06
1.438200010000000009e+06
1.439100010000000009e+06
1.440000010000000009e+06
1.440900010000000009e+06
1.441800010000000009e+06
1.442700010000000009e+06
1.443600010000000009e+06
1.444500010000000009e+06
1.445400010000000009e+06
1.446300010000000009e+06
1.447200010000000009e+06
1.448100010000000009e+06
1.449000010000000009e+06
1.449900010000000009e+06
1.450800010000000009e+06
1.451700010000000009e+06
1.452600010000000009e+06
1.453500010000000009e+06
1.454400010000000009e+06
1.455300010000000009e+06
1.456200010000000009e+06
1.457100010000000009e+06
1.458000010000000009e+06
1.458900010000000009e+06
1.459800010000000009e+06
1.460700010000000009e+06
1.461600010000000009e+06
1.462500010000000009e+06
1.463400010000000009e+06
1.464300010000000009e+06
1.465200010000000009e+06
1.466100010000000009e+06
1.467000010000000009e+06
1.467900010000000009e+06
1.468800010000000009e+06
1.469700010000000009e+06
1.470600010000000009e+06
1.471500010000000009e+06
1.472400010000000009e+06
1.473300010000000009e+06
1.474200010000000009e+06
1.475100010000000009e+06
1.476000010000000009e+06
1.476900010000000009e+06
1.477800010000000009e+06
1.478700010000000009e+06
1.479600010000000009e+06
1.480500010000000009e+06
1.481400010000000009e+06
1.482300010000000009e+06
1.483200010000000009e+06
1.484100010000000009e+06
1.485000010000000009e+06
1.485900010000000009e+06
1.486800010000000009e+06
1.487700010000000009e+06
1.488600010000000009e+06
1.489500010000000009e+06
1.490400010000000009e+06
1.491300010000000009e+06
1.492200010000000009e+06
1.493100010000000009e+06
1.494000010000000009e+06
1.494900010000000009e+06
1.495800010000000009e+06
1.496700010000000009e+06
1.497600010000000009e+06
1.498500010000000009e+06
1.499400010000000009e+06
1.500300010000000009e+06
1.501200010000000009e+06
1.502100010000000009e+06
1.503000010000000009e+06
1.503900010000000009e+06
1.504800010000000009e+06
1.505700010000000009e+06
1.506600010000000009e+06
1.507500010000000009e+06
1.508400010000000009e+06
1.509300010000000009e+06
1.510200010000000009e+06
1.511100010000000009e+06
1.512000010000000009e+06
1.512900010000000009e+06
1.513800010000000009e+06
1.514700010000000009e+06
1.515600010000000009e+06
1.516500010000000009e+06
1.517400010000000009e+06
1.518300010000000009e+06
1.519200010000000009e+06
1.520100010000000009e+06
1.521000010000000009e+06
1.521900010000000009e+06
1.522800010000000009e+06
1.523700010000000009e+06
1.524600010000000009e+06
1.525500010000000009e+06
1.526400010000000009e+06
1.527300010000000009e+06
1.528200010000000009e+06
1.529100010000000009e+06
1.530000010000000009e+06
1.530900010000000009e+06
1.531800010000000009e+06
1.532700010000000009e+06
1.533600010000000009e+06
1.534500010000000009e+06
1.535400010000000009e+06
1.536300010000000009e+06
1.537200010000000009e+06
1.538100010000000009e+06
1.539000010000000009e+06
1.539900010000000009e+06
1.540800010000000009e+06
1.541700010000000009e+06
1.542600010000000009e+06
1.543500010000000009e+06
1.544400010000000009e+06
1.545300010000000009e+06
1.546200010000000009e+06
1.547100010000000009e+06
1.548000010000000009e+06
1.548900010000000009e+06
1.549800010000000009e+06
1.550700010000000009e+06
1.551600010000000009e+06
1.552500010000000009e+06
1.553400010000000009e+06
1.554300010000000009e+06
1.555200010000000009e+06
1.556100010000000009e+06
1.557000010000000009e+06
1.557900010000000009e+06
1.558800010000000009e+06
1.559700010000000009e+06
1.560600010000000009e+06
1.561500010000000009e+06
1.562400010000000009e+06
1.563300010000000009e+06
1.564200010000000009e+06
1.565100010000000009e+06
1.566000010000000009e+06
1.566900010000000009e+06
1.567800010000000009e+06
1.568700010000000009e+06
1.569600010000000009e+06
1.570500010000000009e+06
1.571400010000000009e+06
1.572300010000000009e+06
1.573200010000000009e+06
1.574100010000000009e+06
1.575000010000000009e+06
1.575900010000000009e+06
1.576800010000000009e+06
1.577700010000000009e+06
1.578600010000000009e+06
1.579500010000000009e+06
1.580400010000000009e+06
1.581300010000000009e+06
1.582200010000000009e+06
1.583100010000000009e+06
1.584000010000000009e+06
1.584900010000000009e+06
1.585800010000000009e+06
1.586700010000000009e+06
1.587600010000000009e+06
1.588500010000000009e+06
1.589400010000000009e+06
1.590300010000000009e+06
1.591200010000000009e+06
1.592100010000000009e+06
1.593000010000000009e+06
1.593900010000000009e+06
1.594800010000000009e+06
1.595700010000000009e+06
1.596600010000000009e+06
1.597500010000000009e+06
1.598400010000000009e+06
1.599300010000000009e+06
1.600200010000000009e+06
1.601100010000000009e+06
1.602000010000000009e+06
1.602900010000000009e+06
1.603800010000000009e+06
1.604700010000000009e+06
1.605600010000000009e+06
1.606500010000000009e+06
1.607400010000000009e+06
1.608300010000000009e+06
1.609200010000000009e+06
1.610100010000000009e+06
1.611000010000000009e+06
1.611900010000000009e+06
1.612800010000000009e+06
1.613700010000000009e+06
1.614600010000000009e+06
1.615500010000000009e+06
1.616400010000000009e+06
1.617300010000000009e+06
1.618200010000000009e+06
1.619100010000000009e+06
1.620000010000000009e+06
1.620900010000000009e+06
1.621800010000000009e+06
1.622700010000000009e+06
1.623600010000000009e+06
1.624500010000000009e+06
1.625400010000000009e+06
1.626300010000000009e+06
1.627200010000000009e+06
1.628100010000000009e+06
1.629000010000000009e+06
1.629900010000000009e+06
1.630800010000000009e+06
1.631700010000000009e+06
1.632600010000000009e+06
1.633500010000000009e+06
1.634400010000000009e+06
1.635300010000000009e+06
1.636200010000000009e+06
1.637100010000000009e+06
1.638000010000000009e+06
1.638900010000000009e+06
1.639800010000000009e+06
1.640700010000000009e+06
1.641600010000000009e+06
1.642500010000000009e+06
1.643400010000000009e+06
1.644300010000000009e+06
1.645200010000000009e+06
1.646100010000000009e+06
1.647000010000000009e+06
1.647900010000000009e+06
1.648800010000000009e+06
1.649700010000000009e+06
1.650600010000000009e+06
1.651500010000000009e+06
1.652400010000000009e+06
1.653300010000000009e+06
1.654200010000000009e+06
1.655100010000000009e+06
1.656000010000000009e+06
1.656900010000000009e+06
1.657800010000000009e+06
1.658700010000000009e+06
1.659600010000000009e+06
1.660500010000000009e+06
1.661400010000000009e+06
1.662300010000000009e+06
1.663200010000000009e+06
1.664100010000000009e+06
1.665000010000000009e+06
1.665900010000000009e+06
1.666800010000000009e+06
1.667700010000000009e+06
1.668600010000000009e+06
1.669500010000000009e+06
1.670400010000000009e+06
1.671300010000000009e+06
1.672200010000000009e+06
1.673100010000000009e+06
1.674000010000000009e+06
1.674900010000000009e+06
1.675800010000000009e+06
1.676700010000000009e+06
1.677600010000000009e+06
1.678500010000000009e+06
1.679400010000000009e+06
1.680300010000000009e+06
1.681200010000000009e+06
1.682100010000000009e+06
1.683000010000000009e+06
1.683900010000000009e+06
1.684800010000000009e+06
1.685700010000000009e+06
1.686600010000000009e+06
1.687500010000000009e+06
1.688400010000000009e+06
1.689300010000000009e+06
1.690200010000000009e+06
1.691100010000000009e+06
1.692000010000000009e+06
1.692900010000000009e+06
1.693800010000000009e+06
1.694700010000000009e+06
1.695600010000000009e+06
1.696500010000000009e+06
1.697400010000000009e+06
1.698300010000000009e+06
1.699200010000000009e+06
1.700100010000000009e+06
1.701000010000000009e+06
1.701900010000000009e+06
1.702800010000000009e+06
1.703700010000000009e+06
1.704600010000000009e+06
1.705500010000000009e+06
1.706400010000000009e+06
1.707300010000000009e+06
1.708200010000000009e+06
1.709100010000000009e+06
1.710000010000000009e+06
1.710900010000000009e+06
1.711800010000000009e+06
1.712700010000000009e+06
1.713600010000000009e+06
1.714500010000000009e+06
1.715400010000000009e+06
1.716300010000000009e+06
1.717200010000000009e+06
1.718100010000000009e+06
1.719000010000000009e+06
1.719900010000000009e+06
1.720800010000000009e+06
1.721700010000000009e+06
1.722600010000000009e+06
1.723500010000000009e+06
1.724400010000000009e+06
1.725300010000000009e+06
1.726200010000000009e+06
1.727100010000000009e+06
1.728000010000000009e+06
